239 87
61 137
27 179
82 167
16 121
150 234
39 44
127 64
216 115
82 255
82 135
3 21
12 67
18 93
16 68
80 79
51 223
50 251
144 230
253 135
192 225
170 32
0 27
113 128
88 178
225 19
201 244
164 1
82 86
2 138
93 225
178 237
60 231
77 133
54 247
221 239
44 176
84 178
231 242
4 234
21 137
43 238
36 81
227 105
84 156
58 189
202 108
185 113
126 167
167 216
47 254
107 235
116 227
246 157
73 169
3 86
61 123
131 200
178 100
172 117
21 168
3 131
141 192
52 210
144 252
108 237
13 216
59 60
113 199
113 236
43 124
36 64
75 245
226 210
133 149
18 212
77 94
31 92
116 72
185 97
130 104
42 59
19 84
132 139
10 54
231 243
72 194
173 187
59 252
44 211
195 178
14 141
65 171
129 144
212 113
75 183
31 136
66 223
54 101
85 112
209 250
132 169
42 75
78 217
74 46
1 107
26 31
59 200
110 189
101 245
114 128
167 241
237 253
36 206
131 139
178 215
51 130
14 178
176 191
39 228
175 246
111 139
183 226
37 221
2 203
49 183
35 198
115 161
40 146
65 103
188 226
84 200
99 196
141 174
48 136
9 212
51 136
176 218
197 185
219 148
143 249
148 213
182 238
18 38
218 222
160 237
155 189
6 52
128 202
143 182
128 245
203 228
89 63
29 155
161 200
79 177
52 63
146 191
61 208
111 218
21 98
85 164
49 190
137 216
30 102
24 95
140 18
35 52
36 185
10 49
82 184
61 69
64 133
194 67
120 251
86 231
199 248
53 234
77 205
139 247
52 69
86 102
133 191
46 214
103 130
1 165
98 142
128 123
66 107
249 2
81 43
233 27
52 162
70 172
165 106
9 60
80 249
132 43
93 182
173 177
11 181
249 28
51 170
97 161
21 218
43 114
59 242
40 48
88 229
223 207
130 205
111 232
2 11
111 136
59 198
235 248
93 237
18 65
46 135
14 158
47 92
12 103
138 87
197 226
22 139
36 109
206 246
46 211
252 5
84 161
141 217
55 72
44 126
36 223
235 195
55 74
136 174
96 43
230 114
123 133
40 171
54 94
85 246
62 207
190 212
157 222
60 201
212 252
67 94
54 158
27 44
29 198
103 179
111 8
14 136
186 71
80 103
112 217
77 204
75 148
212 95
80 184
84 66
133 114
112 114
0 147
41 101
196 241
207 234
37 150
95 130
192 136
228 194
247 142
181 254
14 97
64 214
112 158
45 110
20 194
39 88
126 230
62 159
170 4
11 82
92 170
107 245
218 225
136 216
113 66
25 85
29 227
174 149
57 100
204 137
181 213
45 37
193 201
118 166
128 249
22 109
131 117
115 235
240 70
72 193
2 50
5 232
103 173
229 142
37 160
35 73
57 163
24 96
80 95
162 184
120 222
69 206
65 221
138 139
130 5
0 119
192 222
64 50
16 87
81 188
49 221
188 231
40 143
190 100
236 6
255 15
30 25
52 151
186 28
32 246
235 225
132 179
76 12
170 247
127 80
57 31
144 221
198 105
205 215
55 70
21 254
51 76
202 211
95 180
45 176
11 171
39 211
170 44
179 197
65 184
128 149
18 54
77 164
26 189
249 93
139 241
186 191
77 140
230 181
39 147
144 145
79 32
168 101
244 124
160 217
133 195
59 227
178 231
89 23
108 139
11 31
36 235
199 228
169 171
250 32
209 218
29 54
75 189
218 241
24 94
144 180
127 150
199 0
30 39
71 114
243 106
236 225
101 224
251 170
94 235
82 163
87 105
8 255
61 194
19 231
148 218
84 207
7 228
72 121
122 245
14 239
39 201
151 137
220 96
15 157
21 65
203 13
10 211
15 121
210 246
253 75
0 166
21 110
155 177
51 149
239 255
25 61
172 205
114 167
30 235
33 170
124 170
138 116
90 111
5 30
28 173
35 225
41 205
17 233
43 231
123 231
20 100
128 162
89 178
172 220
86 161
65 140
165 194
126 189
163 118
85 238
28 150
24 99
121 158
253 57
77 178
40 101
180 217
214 131
6 174
31 185
157 180
68 216
237 85
124 228
121 215
132 206
107 222
162 79
128 142
12 193
61 203
10 93
80 107
57 97
99 216
51 220
244 246
85 179
52 207
89 250
82 90
247 226
128 41
244 253
155 127
99 23
154 234
188 223
151 32
21 210
231 198
140 217
64 122
38 99
59 88
131 72
28 255
126 127
5 192
6 251
8 165
106 83
45 195
79 159
208 220
5 67
114 202
46 85
6 113
133 202
54 84
250 116
185 232
47 163
171 86
2 140
171 225
239 122
88 66
163 173
77 152
172 159
11 193
202 251
71 91
36 71
190 234
6 76
99 141
41 80
25 139
70 249
23 226
2 152
169 107
134 249
105 177
163 144
121 134
63 83
183 192
34 244
185 222
69 211
8 97
61 37
214 242
66 148
183 29
45 135
121 144
202 156
227 234
25 171
5 98
0 10
46 113
87 238
22 176
2 89
154 214
138 99
185 199
191 219
164 234
122 181
59 74
97 118
189 76
246 195
121 223
17 151
177 247
106 196
118 112
32 24
162 54
143 234
59 147
251 208
114 216
87 132
251 43
242 125
212 97
57 146
130 169
61 50
20 118
39 159
238 9
238 86
90 182
16 26
91 159
250 155
117 81
189 216
49 82
132 37
90 130
103 225
190 132
238 151
38 208
125 222
70 150
14 68
80 166
39 191
0 136
106 120
99 125
86 174
8 242
224 194
1 74
101 237
114 143
39 224
48 76
22 104
125 193
221 233
230 9
40 142
186 251
11 179
12 84
75 153
33 172
85 212
39 190
74 167
111 195
118 225
93 223
70 216
110 107
176 222
29 117
58 77
32 230
233 105
100 174
69 218
78 247
232 171
41 194
181 189
189 124
108 188
97 42
139 142
154 225
28 254
88 141
54 114
154 82
106 197
80 152
86 241
47 83
141 143
105 203
93 131
206 139
121 251
49 163
65 174
69 207
99 248
80 16
234 110
127 194
18 124
100 180
205 217
243 186
4 97
110 46
66 229
16 48
122 236
39 96
74 216
80 111
94 253
216 156
100 181
135 92
95 159
101 176
131 191
178 227
73 159
233 191
65 62
15 88
123 254
225 165
22 234
108 218
220 247
57 205
218 121
97 186
64 160
12 208
58 117
2 153
77 105
11 4
54 213
58 108
201 113
168 124
103 227
74 253
197 60
2 63
188 185
191 128
70 168
128 234
83 5
63 195
133 183
212 78
201 127
99 126
71 229
197 41
70 199
18 156
184 165
123 148
29 68
111 120
43 106
48 112
145 111
246 81
116 144
14 81
75 119
73 99
0 29
185 190
52 130
24 206
63 241
157 248
73 221
0 160
38 233
122 163
127 177
23 98
140 229
159 161
14 79
225 23
176 217
61 216
71 96
72 36
67 241
49 127
255 72
18 22
200 246
133 246
17 154
119 241
193 132
80 255
34 15
85 97
122 30
165 164
88 104
191 250
40 214
198 25
6 168
0 24
101 175
251 221
217 103
58 165
74 131
38 219
207 252
42 83
4 117
179 248
19 230
4 7
249 231
63 189
181 156
238 220
72 174
218 33
167 189
236 36
103 47
5 16
194 104
130 228
83 247
68 195
146 62
126 110
179 100
224 88
194 93
157 165
13 97
32 48
129 162
222 151
53 157
243 112
127 138
137 231
110 212
255 172
106 25
94 242
48 93
21 186
44 204
27 231
170 226
23 125
78 224
46 105
141 41
59 187
131 240
200 239
244 85
139 158
203 3
255 197
26 200
91 186
69 87
25 174
105 212
67 119
229 240
253 252
58 251
56 246
104 246
132 254
100 148
57 96
37 57
160 162
147 16
138 188
46 102
6 173
74 217
187 235
143 44
26 178
35 112
210 1
70 102
96 209
101 152
79 108
235 77
81 100
54 93
157 216
90 178
227 34
95 168
100 124
123 78
94 250
135 6
123 154
251 141
35 85
30 89
199 242
132 2
40 201
29 37
21 182
118 218
104 163
188 237
233 118
147 152
71 75
49 206
196 240
194 46
90 131
51 127
102 124
127 29
59 65
120 180
152 210
109 231
253 60
91 104
57 98
176 150
87 170
190 98
106 54
98 14
199 123
52 104
28 130
225 244
46 222
198 176
145 194
4 194
110 172
21 50
73 249
233 157
47 200
91 225
38 255
66 82
178 55
75 233
30 251
89 133
227 2
146 43
251 253
31 101
106 174
193 237
242 91
204 236
10 246
35 183
142 163
145 149
12 178
124 171
163 116
132 211
4 206
17 231
93 95
81 82
138 185
87 124
14 54
114 95
206 254
5 199
202 242
161 194
127 158
94 221
149 65
190 255
153 194
134 92
48 21
21 47
197 227
37 223
14 207
19 23
43 145
0 21
116 238
214 244
110 227
1 95
89 135
3 204
38 62
121 30
175 181
120 155
82 162
195 146
63 229
203 84
48 69
63 221
76 97
2 82
4 33
6 234
190 196
66 185
32 191
114 159
17 160
14 109
157 170
100 237
82 203
12 206
78 85
3 145
64 172
42 50
4 217
111 128
28 74
63 160
15 114
140 205
23 205
176 200
144 225
90 105
