239 87
61 229
63 179
82 167
121 43
194 40
39 223
127 64
216 115
82 255
82 135
136 100
12 67
18 93
16 171
80 79
112 19
50 251
144 32
253 135
192 247
170 32
0 236
113 128
88 225
225 19
201 244
164 1
82 251
138 217
39 178
178 237
99 48
181 190
54 247
72 239
44 176
84 21
242 210
4 29
202 137
239 238
36 81
227 105
129 152
58 189
202 108
185 113
154 233
167 216
254 247
82 107
227 110
246 157
73 169
86 117
123 82
175 200
178 100
172 117
168 80
131 188
192 11
52 210
144 252
237 141
13 109
59 60
113 64
113 214
114 193
64 121
75 245
226 210
194 76
174 18
94 180
92 18
116 72
185 97
130 104
138 42
51 84
72 104
18 54
80 100
133 132
173 187
252 41
251 143
195 178
141 90
171 96
129 248
212 113
183 9
31 103
66 223
101 0
85 112
250 190
169 40
224 75
78 217
74 46
1 107
26 216
59 200
21 189
101 102
214 244
167 235
237 253
36 173
139 24
120 178
51 130
178 35
176 191
39 228
246 171
37 133
226 10
37 245
203 17
84 183
35 165
115 161
67 130
39 219
188 165
49 74
196 119
174 108
223 48
212 75
205 127
176 218
197 185
219 148
199 249
213 30
46 238
38 65
218 222
237 190
155 189
6 52
202 198
182 189
4 128
63 228
89 63
128 155
161 200
79 177
203 19
146 191
61 208
111 218
125 140
164 226
160 12
137 216
148 231
70 95
140 18
35 144
36 185
10 49
184 61
61 28
133 16
194 67
235 204
86 84
75 248
234 62
205 88
139 47
52 69
44 102
133 191
214 75
103 130
1 165
142 141
128 123
160 131
249 2
81 43
233 27
162 69
70 117
165 106
9 60
249 223
132 43
135 93
173 177
11 133
249 28
209 161
97 170
91 103
70 121
59 242
60 40
26 107
223 207
229 130
111 63
2 11
111 144
59 205
40 248
118 93
18 177
46 182
99 158
249 92
12 103
138 87
197 85
23 22
36 109
206 246
46 77
252 5
161 49
141 46
55 64
126 234
201 36
235 195
55 74
186 136
96 43
230 114
123 133
234 169
54 83
85 246
200 62
211 212
222 194
60 89
212 252
147 94
241 26
27 44
206 239
179 34
111 8
136 75
186 71
21 247
112 2
77 120
75 158
212 95
184 109
84 66
133 114
112 114
147 217
41 101
196 241
207 87
37 157
130 249
192 136
228 194
247 142
181 238
14 98
64 154
80 158
121 45
20 194
218 93
126 230
105 125
170 4
82 225
170 163
255 45
11 218
136 216
113 66
158 25
29 227
174 149
57 231
204 137
181 109
45 37
201 51
166 219
128 249
22 213
131 117
115 97
240 70
72 193
2 190
5 14
174 136
229 142
160 111
35 132
57 163
24 82
195 113
198 162
120 222
69 206
221 215
10 139
130 5
119 167
222 59
64 50
87 114
227 188
49 221
188 52
40 61
190 100
236 6
255 15
30 25
218 151
186 28
32 246
235 225
179 80
76 12
101 48
127 80
57 31
21 221
198 105
244 65
70 89
216 21
124 51
211 194
95 180
176 107
74 141
39 211
170 44
179 163
65 184
149 29
54 31
164 96
238 179
249 93
139 74
98 191
131 77
230 181
83 39
144 145
79 32
168 101
244 124
160 217
133 163
59 227
178 231
89 23
108 139
11 95
140 235
199 228
171 167
250 32
88 90
29 101
75 189
218 241
94 131
144 77
150 194
199 0
30 18
71 114
243 106
236 225
197 101
251 170
94 212
80 194
220 157
255 147
61 82
19 231
148 0
84 100
7 228
221 114
122 70
239 78
201 145
151 137
220 96
15 113
21 65
203 13
211 183
15 187
210 218
253 75
0 166
21 110
200 157
226 36
255 43
25 61
172 143
114 0
99 30
33 171
124 170
138 116
90 111
96 30
28 173
225 163
205 59
17 233
43 231
226 160
20 100
162 88
89 178
105 172
161 25
36 99
98 165
126 222
163 118
85 238
28 150
99 93
121 148
253 57
77 178
132 254
54 180
214 131
206 6
31 171
157 180
68 254
237 85
228 179
121 215
132 106
107 222
162 79
142 122
12 193
221 61
10 93
80 107
57 97
216 41
51 220
244 246
229 236
207 231
213 89
90 235
247 226
128 41
253 205
155 127
99 23
234 182
188 214
151 32
21 231
231 198
217 116
128 72
38 99
4 88
131 72
221 138
127 21
192 59
6 251
8 231
106 83
45 195
79 159
208 220
5 67
114 250
46 85
6 150
170 139
54 84
250 116
144 185
47 35
171 86
2 36
225 86
239 122
88 66
163 173
77 156
172 159
124 11
86 202
232 91
71 149
50 234
6 204
99 141
231 65
139 86
70 249
226 202
2 35
169 107
134 95
237 198
163 144
121 157
63 94
183 192
103 244
57 189
69 211
141 97
61 37
242 128
148 206
183 29
135 209
140 144
202 156
227 44
25 68
5 98
10 218
217 95
189 234
22 176
89 118
85 5
138 99
185 199
191 65
164 234
181 80
59 74
175 237
189 76
246 195
121 97
17 151
103 65
106 52
118 112
32 24
162 54
234 97
77 147
251 208
216 54
132 185
251 43
242 125
212 97
146 185
130 169
61 50
20 118
39 159
238 9
238 86
14 182
16 26
91 181
250 155
117 81
127 189
172 59
132 37
130 223
103 225
190 132
238 151
38 208
125 15
150 24
14 100
132 230
39 191
0 136
106 120
231 86
125 174
8 242
224 194
232 1
101 237
14 16
212 224
48 149
22 104
193 62
221 233
230 9
142 124
186 251
11 179
12 84
153 14
33 160
85 212
39 45
74 167
111 195
225 2
93 223
70 216
110 107
222 29
29 3
245 58
166 32
233 105
100 174
69 218
247 14
232 171
41 114
181 68
189 124
186 188
97 42
139 142
154 225
28 254
88 8
54 43
154 82
206 224
80 152
86 241
47 139
143 205
203 57
24 131
206 139
170 121
135 200
65 212
69 240
77 99
80 16
234 110
127 194
18 76
100 180
255 132
243 186
148 241
110 46
66 205
16 48
122 27
10 209
241 31
80 111
94 253
216 156
100 181
135 92
159 91
176 114
191 234
178 227
159 178
233 191
65 62
88 222
123 202
225 165
22 234
108 52
247 99
57 205
218 121
97 108
64 160
12 142
58 14
2 153
77 105
11 4
54 250
58 108
201 113
168 124
103 227
253 171
197 60
2 63
188 185
191 128
168 248
234 194
83 5
195 27
183 97
212 78
201 127
126 14
137 174
197 41
70 199
156 39
184 165
123 79
29 68
111 215
43 106
112 220
145 111
246 81
130 116
71 81
124 119
73 44
176 177
190 4
196 251
24 66
203 158
73 42
73 221
123 0
38 126
122 246
177 51
146 207
140 229
159 161
79 40
225 23
176 217
216 199
214 71
72 36
67 241
49 216
255 72
18 22
246 139
133 246
2 5
241 48
193 132
122 255
34 15
85 250
122 30
165 164
104 128
191 97
214 49
198 25
6 168
0 24
101 131
251 221
217 103
53 58
114 74
38 118
252 186
83 143
117 185
248 211
19 230
4 7
249 231
63 189
181 156
238 220
201 240
218 33
167 189
236 36
103 47
205 143
194 104
228 40
83 247
195 69
146 62
126 110
179 100
224 88
194 93
157 165
133 13
225 28
66 65
222 151
53 87
243 112
69 207
137 231
110 235
255 172
106 25
94 242
48 93
186 110
44 76
243 27
170 51
23 21
78 42
159 182
141 41
187 192
174 131
144 242
244 85
139 85
203 3
255 197
26 200
91 174
52 87
174 30
105 21
67 119
229 207
253 252
58 251
82 246
37 246
254 232
148 207
96 105
37 57
172 162
147 16
138 3
46 245
6 217
170 136
235 110
143 44
54 56
112 6
210 1
102 43
96 193
101 152
108 155
235 77
81 100
54 93
157 216
39 202
227 34
168 170
150 223
123 78
94 178
135 6
123 154
251 141
35 85
30 89
199 127
132 2
72 235
104 40
21 154
118 218
217 163
105 188
233 118
8 152
71 75
49 206
196 240
194 46
90 131
51 127
102 124
127 29
59 105
120 180
152 210
216 231
253 60
104 114
57 251
176 150
87 84
190 98
106 54
98 14
199 123
52 158
32 130
66 225
46 222
198 176
234 39
1 5
196 172
21 50
73 47
233 157
47 200
225 31
38 255
66 82
178 55
233 46
251 25
133 55
227 2
146 43
253 52
31 95
71 106
193 237
242 91
204 236
246 138
183 152
208 163
200 145
12 73
178 124
163 116
173 211
4 206
102 17
93 95
81 82
185 59
87 124
14 54
114 95
254 177
5 199
242 23
161 128
127 104
94 74
149 65
87 190
203 153
134 92
48 21
21 47
197 81
37 90
207 143
23 52
145 16
0 126
116 254
244 149
110 227
95 127
92 68
3 204
38 184
121 30
175 159
194 162
82 162
195 146
63 229
203 84
48 42
63 221
76 97
2 178
4 33
14 140
190 140
185 197
230 191
159 231
17 160
80 14
98 157
237 3
82 120
206 49
78 74
3 145
64 172
50 134
4 217
111 128
85 28
77 63
101 15
0 128
136 23
176 245
29 225
90 155